46
37
88
9
75
68
45
15
98
65
140
8
67
16
81
45
19
74
123
64
111
32
71
10
101
44
47
26
150
108
85
68
17
39
12
90
29
140
5
141
109
125
51
121
130
52
77
35
89
86
12
78
48
120
55
79
149
88
94
102
30
36
68
87
15
38
39
88
17
136
44
98
122
68
105
2
8
108
61
93
21
32
66
139
32
148
96
50
143
61
134
5
93
97
112
48
58
90
47
122
56
20
110
129
139
73
65
101
66
81
33
8
35
62
146
51
69
19
80
128
66
136
102
146
45
40
75
44
27
89
98
135
51
40
147
16
27
60
20
48
18
22
65
9
15
41
3
119
14
86
44
#to fill with numbers do: for i in {0..150}; do echo $(($RANDOM%150+1)) >>numbers.txt; done